11110000
10010000
10010000
10010000
11110000

11100000
01100000
01100000
01100000
11110000

11110000
00010000
01100000
10000000
11110000

11110000
00010000
11100000
00010000
11110000

10010000
10010000
11110000
00010000
00010000

11110000
10000000
11110000
00010000
11110000

11110000
10000000
11110000
10010000
11110000

11110000
00010000
00100000
01000000
10000000

11110000
10010000
11110000
10010000
11110000

11110000
10010000
11110000
00010000
11110000

11110000
00010000
11110000
10010000
11110000

10000000
10000000
11110000
10010000
11110000

00000000
00000000
11110000
10000000
11110000

00010000
00010000
11110000
10010000
11110000

11110000
10010000
11110000
10000000
11110000

11100000
10000000
11000000
10000000
10000000
